Classical;Basal;Normal_Stroma;Activated_Stroma
ABCC3;ABCA12;A2M;ABL2
ABHD11;ABCA4;AADACL2;ACP5
ABHD2;ABCB9;ABCA6;ACPL2
ABHD3;ABHD12B;ABCA8;ACTA2
ABLIM1;ABHD7;ABCA9;ACTN1
ABP1;ACBD3;ABCB5;ACVR1
ABTB2;ACSF2;ABCC9;ADAM10
ACBD5;ACYP1;ABCG2;ADAM12
ACOT11;ADAM8;ABCG4;ADAM19
ACP6;ADAM9;ABI3BP;ADAM22
ACSL5;ADH7;ACAN;ADAMTS12
ACY3;ADM;ACTBL2;ADAMTS16
ADAM28;ADORA2B;ACTG2;ADAMTS4
ADAP1;ADSS;ADAM23;ADAMTS6
ADRBK1;AFAP1L2;ADAMTS1;ADAP2
AFTPH;AGRN;ADAMTS18;ADC
AGPAT2;AHNAK2;ADAMTS3;ADORA3
AGR2;AK2P2;ADAMTS5;AEBP1
AGR3;ALOX12P2;ADAMTS9;AFAP1
AHCYL2;ALS2CL;ADAMTSL3;AIF1
AHR;AMIGO2;ADARB1;ALOX5AP
AIFM3;AMMECR1;ADCY3;ALPK2
AIM1L;AMN1;ADCY6;AMZ1
AKR1A1;ANKLE2;ADD3;ANGPTL2
AKR1B10;ANO1;ADH1A;ANKH
AKR1C3;ANXA1;ADH1C;ANO4
AKR7A3;ANXA2;ADH5;ANTXR1
ALAS1;ANXA2P1;ADIPOQ;ANXA5
ALDH2;ANXA2P3;ADRB2;APBB2
ALDH3A1;ANXA3;AGTR1;APOB48R
ANKRD22;ANXA8L2;AIF1L;APP
ANKRD43;AP1S3;AK5;ARHGAP21
ANKS4B;AP3M2;AKAP12;ARHGAP22
ANO7;AP4M1;AKAP2;ARL15
ANO9;APLP2;AKT3;ARL4C
ANXA10;ARAP2;ALDH1A3;ARMC9
ANXA11;AREG;ALDH9A1;ARPC1B
ANXA13;ARFGEF1;AMOTL2;ARSG
ANXA4;ARHGAP23;ANGPT1;ARSI
AP1G2;ARHGAP5;ANGPT2;ASAM
AP1M2;ARHGAP8;ANGPTL1;ASAP1
APOBEC1;ARL4D;ANGPTL5;ASPN
APOL1;ARL6IP6;ANGPTL7;ATG7
AQP5;ARMC10;ANK3;ATP10A
AQP6;ARNTL2;ANKRD29;ATP6V0D2
ARFIP1;ARPC1A;ANKRD35;ATP6V1B2
ARHGAP12;ARPC4;ANKS1A;ATP7A
ARHGAP26;ASAP2;ANXA6;ATXN1
ARHGEF16;ASCC1;AOC3;AXL
ARHGEF5;ASPH;APOD;B3GNTL1
ARL14;ATL2;APOLD1;BAI2
ARL6IP1;ATP11B;AQP1;BASP1
ASPHD1;ATP6V0A4;ARHGAP10;BATF3
ASPHD2;ATP6V1C2;ARHGAP20;BDKRB1
ATAD4;ATP8B3;ARHGAP28;BEND6
ATOH1;AVL9;ARHGAP29;BGN
ATP10B;AZIN1;ARHGAP6;BHLHE40
ATP1B1;B3GALT4;ARHGEF9;BHLHE41
ATP2C2;B3GNT5;ARID5B;BLVRA
ATP7B;B4GALT5;ARL4A;BMP2K
ATP8B1;BACH1;ARMC2;BMP8A
ATP9A;BAIAP2L1;ARMCX1;BMPR2
ATP9B;BCAR3;ARMCX2;BNC2
ATPGD1;BEAN;ARMCX3;BST1
B3GALT5;BFSP1;ARNT;C10orf141
B3GNT3;BID;ARRDC3;C10orf72
B4GALNT3;BIK;ASPA;C11orf24
B4GALT4;BLZF1;ATF3;C11orf41
BACE2;BUD31;ATL1;C11orf87
BAIAP2L2;BZW1P1;ATP11C;C13orf33
BAMBI;C10orf118;ATP1A2;C14orf37
BCAS1;C10orf35;ATP2B4;C16orf62
BCL10;C10orf47;ATP8B4;C18orf1
BCL2L1;C10orf78;ATRX;C18orf51
BCL2L14;C11orf63;AXUD1;C1QA
BCL2L15;C11orf80;B3GNT1;C1QB
BECN1;C11orf85;BAG2;C1QC
BLOC1S1;C12orf54;BAI3;C1QTNF3
BMP2;C14orf128;BBS2;C1QTNF5
BMP4;C14orf133;BBS9;C1QTNF6
BMP7;C14orf94;BCHE;C1R
BPNT1;C15orf48;BCL2L2;C1S
BTBD16;C15orf52;BCL6B;C1orf216
BTNL3;C15orf62;BCORL2;C1orf54
BTNL8;C16orf74;BDH2;C20orf103
C10orf81;C17orf60;BDKRB2;C20orf39
C11orf49;C18orf45;BEND2;C22orf9
C11orf75;C19orf33;BHLHB9;C2orf18
C11orf86;C19orf61;BHLHE22;C2orf65
C11orf9;C1orf107;BMP6;C2orf80
C12orf27;C1orf58;BMX;C3orf58
C12orf28;C1orf66;BNIP3L;C3orf59
C12orf36;C1orf97;BOC;C4orf18
C14orf129;C20orf111;BTC;C5AR1
C17orf28;C20orf112;C10orf10;C5orf13
C17orf76;C22orf41;C10orf116;C5orf23
C17orf78;C2orf54;C10orf140;C5orf46
C19orf21;C3orf52;C10orf58;C7orf10
C19orf69;C4orf26;C10orf82;C8orf48
C1GALT1;C6orf141;C11orf67;C9orf109
C1orf106;C6orf15;C14orf28;CABYR
C1orf116;C6orf195;C16orf45;CACNA2D3
C1orf125;C7orf20;C16orf89;CACNA2D4
C1orf172;C8orf75;C17orf57;CACNB4
C1orf210;C9orf128;C17orf91;CALD1
C1orf225;C9orf6;C18orf34;CALU
C1orf49;CALB2;C1QTNF1;CAPG
C1orf81;CALML5;C1QTNF2;CBARA1
C1orf93;CAMSAP1;C1orf123;CCDC109B
C20orf54;CAPN14;C1orf133;CCDC74B
C21orf129;CAPN2;C1orf190;CCDC8
C2orf61;CAPNS2;C1orf198;CCDC80
C3orf32;CAPS;C1orf70;CCDC89
C3orf53;CARD18;C1orf71;CCL11
C3orf57;CASD1;C20orf108;CCL13
C4orf19;CATSPER1;C20orf194;CCL17
C5orf30;CAV2;C21orf122;CCL18
C5orf32;CCBL1;C21orf34;CCL2
C6orf105;CCDC24;C21orf57;CCL26
C6orf223;CCDC6;C21orf82;CCL7
C7orf46;CCL20;C2CD2;CCL8
C8orf55;CCNG2;C2orf40;CCR1
C9orf125;CCNL2;C3orf18;CD14
C9orf140;CD109;C3orf70;CD163
C9orf167;CD163L1;C4orf12;CD1A
C9orf57;CD2AP;C4orf3;CD200
CA13;CD46;C4orf32;CD248
CA2;CD58;C4orf49;CD276
CA9;CDA;C5orf4;CD300C
CABLES1;CDCP1;C6orf168;CD300LF
CABLES2;CDH3;C6orf225;CD33
CALHM3;CDK6;C6orf35;CD68
CALML4;CDKN2A;C6orf72;CD93
CAMK2N1;CDKN2B;C7;CDGAP
CANT1;CELSR1;C7orf58;CDH11
CAPN12;CGB;C7orf63;CDH6
CAPN5;CHIC2;C8orf44;CDK2AP1
CAPN8;CHKA;C8orf46;CDYL2
CAPN9;CHMP4B;C8orf84;CEBPB
CARD10;CHMP4C;C9orf119;CEP170
CARD14;CHRNA5;C9orf47;CH25H
CARD6;CHST6;C9orf9;CHIT1
CASC4;CIR;CAB39L;CHN1
CASK;CKLF;CACNA1C;CHST1
CASP3;CKS1B;CACNA2D1;CHST11
CASP6;CLCA2;CACNB2;CHSY1
CASP7;CLCA4;CADM2;CHSY3
CBLC;CLDN1;CALCOCO2;CILP
CCDC109A;CLDN12;CALHM2;CKAP4
CCDC115;CLDN22;CALM1;CLCF1
CCDC52;CLDND1;CAMK2G;CLEC11A
CCDC64B;CLIC3;CAMSAP1L1;CLEC4A
CCDC68;CMTM1;CAPN11;CLEC5A
CCK;CNGB3;CASP12;CLEC7A
CCL25;CNIH4;CAV1;CMTM3
CCND1;CNO;CBLN1;CNIH3
CCRL1;COL17A1;CBR3;CNPY4
CD164;COL7A1;CBX7;COL10A1
CD24;COX6B2;CBY1;COL11A1
CD55;CPD;CC2D2A;COL12A1
CDC42BPA;CPNE8;CCDC102B;COL13A1
CDC42EP2;CREBZF;CCDC104;COL15A1
CDH1;CREG2;CCDC107;COL16A1
CDH16;CRYGC;CCDC121;COL18A1
CDH17;CSF2;CCDC23;COL1A1
CDKN2AIP;CSNK2A1;CCDC25;COL1A2
CDR2;CST6;CCDC3;COL22A1
CDR2L;CSTB;CCDC46;COL24A1
CDS1;CTNNBIP1;CCDC55;COL3A1
CDX1;CTNND1;CCDC81;COL4A1
CDX2;CTSL2;CCL15;COL4A2
CEACAM1;CTTN;CD34;COL5A1
CEACAM3;CUEDC1;CD36;COL5A2
CEACAM5;CXorf39;CDADC1;COL5A3
CEACAM6;CXorf58;CDC26;COL6A1
CEACAM7;CXorf61;CDC42EP3;COL6A2
CEBPG;CYB5R2;CDH13;COL6A3
CENPV;CYP24A1;CDH19;COL8A1
CES2;CYP4Z2P;CDKN1B;COL8A2
CGN;DAAM1;CDKN1C;COLEC12
CGREF1;DCBLD2;CDON;COMP
CHMP2A;DDIT4;CDR1;COPZ2
CHMP2B;DDR1;CEBPD;CORIN
CHP;DDX60;CEP68;CPA3
CHP2;DDX60L;CFD;CPVL
CHPT1;DEFB103A;CHADL;CPZ
CHST5;DHRS9;CHL1;CREB5
CIDEC;DHX32;CHRDL2;CREG1
CIDECP;DIP2B;CHST7;CRISPLD1
CKMT1A;DIS3;CIDEA;CRYBB1
CKMT1B;DKK1;CISD1;CSF1
CLCA1;DLG3;CLASP2;CSF1R
CLCN2;DLG5;CLDN5;CSF2RA
CLDN16;DMBX1;CLEC14A;CSGALNACT2
CLDN18;DMKN;CLEC1A;CST1
CLDN23;DNTTIP1;CLEC3B;CTGF
CLDN4;DOCK5;CLIC4;CTHRC1
CLDN7;DPY19L4;CLIP3;CTSB
CLINT1;DPY30;CLN5;CTSC
CLIP2;DSC3;CLSTN2;CTSK
CLRN3;DSCR6;CMTM5;CTSL1
CLTB;DSG2;CNN1;CTSO
CMBL;DSG3;CNN3;CTSZ
CMPK1;DSP;CNR1;CTTNBP2NL
CMTM4;DTX2;CNRIP1;CXCL10
CNNM4;DTX3L;CNTFR;CXCL14
COBL;DUSP10;CNTN2;CXCL5
COPG;DUSP4;CNTN4;CXCR7
CORO2A;DUSP5;CNTNAP3;CYBB
CPA6;DUSP6;COL14A1;CYFIP1
CRB3;E2F7;COL21A1;CYP1B1
CREB3L4;ECE1;COL4A5;CYP26A1
CRIP1;EFNA5;COL4A6;CYR61
CTAGE3;EFNB2;COX7A1;CYTSB
CTAGE4;EGFR;CPEB1;DAB2
CTAGE5;EHF;CPXM2;DACT1
CTAGE6;EML2;CREBL2;DBN1
CTNNA1;EPAG;CREM;DCBLD1
CTSE;EPHA2;CRISPLD2;DCHS1
CXADR;EPHA4;CRLF1;DCLK3
CXADRP2;EPHB4;CRTAC1;DCN
CXADRP3;EPS8L2;CRTAP;DDR2
CXCL16;EREG;CRTC3;DENND5A
CYP2C18;ERMP1;CRYBG3;DFNA5
CYP2S1;ERO1L;CRYZL1;DGKI
CYP2W1;ETV6;CSGALNACT1;DIO2
CYP3A4;EXOC1;CSPG4;DISC1
CYP3A5;EZR;CSRNP2;DKFZP547L112
CYP3A7;F11R;CSRP1;DKFZP586H2123
CYP4F12;F3;CSRP2;DKFZP586K1520
CYP4F8;FAM122B;CTNNAL1;DKK3
DAB2IP;FAM122C;CTSF;DLC1
DAPK1;FAM126B;CUGBP2;DLX5
DAZL;FAM25C;CWF19L2;DMP1
DCDC1;FAM3C;CXCL12;DNAJB5
DDAH1;FAM60A;CXorf1;DNASE2
DDC;FAM71E1;CXorf36;DOCK1
DEFA5;FAM83A;CYBRD1;DOK5
DEFA6;FAM84B;CYP19A1;DPY19L3
DENND1B;FANK1;CYP26B1;DPYSL3
DEPDC6;FERMT1;CYP2U1;DPYSL4
DGAT1;FGD6;CYP7B1;DSE
DHDH;FGFBP1;CYTL1;DUSP14
DHRS11;FLJ32255;CYYR1;DYRK3
DKK4;FLJ39824;CYorf15A;DZIP1L
DMBT1;FLJ46111;DAAM2;ECM1
DNAH2;FLNB;DACT3;ECM2
DNAJC15;FNDC3B;DARC;EDIL3
DNAJC22;FOXC1;DBX2;EDNRA
DNM2;FRK;DCLK1;EFEMP2
DNMBP;FRMD5;DCLK2;EGFL6
DOK4;FSCN1;DCTN6;EGR1
DOPEY2;FSIP1;DDX3Y;EGR2
DPCR1;FZD6;DENND2A;EGR3
DPP4;GATA3;DES;EGR4
DQX1;GDE1;DGKG;EHD3
DRD1;GGNBP2;DIO3;EIF5A2
DSC2;GGPS1;DIP2C;ELK3
DTX4;GJB3;DIXDC1;ELN
DUOX2;GJB4;DKFZP564O0823;EMILIN1
DYNLT3;GJB5;DKFZp547K054;EMILIN2
DYRK2;GJB6;DMD;EMP1
EDAR;GJB7;DMRT3;EMR2
EDEM3;GNA15;DNAJC21;ENC1
EEPD1;GNB5;DOCK9;ENOX1
EFHD2;GNGT1;DOK6;ENPEP
EFNA3;GPD2;DPT;ENTHD1
EFNA4;GPR110;DPYSL2;ENTPD1
EGLN3;GPR115;DSTN;EPB41L2
ELF3;GPR143;DTWD1;EPB41L3
ELL3;GPR56;DUSP1;EPHB1
ELMO3;GPR81;DYNC1LI2;EPHB2
ELOVL7;GPR87;EBF1;EPSTI1
ENTPD8;GPRC5A;EBF2;EPYC
EPB41L1;GRAMD3;EBF3;ERMN
EPCAM;GRB7;ECSM2;ESM1
EPHA1;GRHL1;EDNRB;EVC
EPHA10;GRHL2;EFEMP1;F13A1
EPHB3;GSTO2;EFHA2;F2R
EPN3;GTPBP10;EFHD1;FAM101B
EPPK1;GULP1;EFS;FAM114A1
EPS8L1;H1F0;EGFLAM;FAM155A
EPS8L3;HAS3;EHBP1;FAM176B
ERBB2;HCG4;EIF3L;FAM19A5
ERBB3;HERC4;EIF4EBP2;FAM20A
ERN2;HES2;ELTD1;FAM20C
ETHE1;HIST1H2AB;EMCN;FAM26E
ETV4;HIST1H2AE;EML1;FAM38B
ETV7;HIST1H2BC;EMX2;FAP
EVI1;HIST1H2BD;EMX2OS;FARP1
EXPH5;HIST1H2BG;ENAH;FBLN2
F2RL1;HIST2H2BE;ENDOD1;FBN1
F5;HIST2H4B;ENPP2;FBN2
FA2H;HMGA2;ENPP3;FCER1G
FAAH;HN1L;EPC2;FCGR1B
FABP2;HORMAD1;EPHA5;FCGR2A
FABP6;HOXA10;EPHA7;FCGR3A
FADD;HOXA11AS;EPS15L2;FEM1B
FAM101A;HOXC10;EPS8;FGF1
FAM102A;HOXC13;ERG;FGF18
FAM107B;HOXC9;ESAM;FHOD3
FAM108C1;HPS3;EVC2;FKBP14
FAM132A;HPS4;EVI5;FKBP15
FAM135A;HRH1;EXOC6B;FKBP7
FAM150A;HS3ST1;EYA2;FKBP9
FAM3D;HTATIP2;FABP4;FKBP9L
FAM55B;HTR2C;FAM110B;FLJ11151
FAM81A;ID1;FAM114A2;FLJ22536
FAM83B;IDS;FAM124B;FLJ30064
FAM83E;IDUA;FAM129A;FLJ36031
FAM83F;IFI44;FAM13C1;FLJ39632
FAM83H;IFNE;FAM162B;FLT1
FAM84A;IFNGR2;FAM163A;FLVCR2
FANCF;IFRG15;FAM164A;FMNL3
FAR2;IGBP1;FAM171B;FMOD
FARP2;IGF2BP3;FAM175A;FN1
FAT1;IKZF2;FAM181B;FNDC1
FBLIM1;IL18;FAM184A;FNIP2
FBXL6;IL1A;FAM19A2;FOLR2
FBXO34;IL1F5;FAM46B;FOSB
FBXW10;IL20RB;FAM62B;FOXF1
FCGBP;IL23A;FAM69B;FOXF2
FCGRT;IL28B;FAM70A;FPR1
FDFT1;INADL;FAM76A;FPR3
FGD5;INPP4B;FAT3;FREQ
FGF20;INSIG2;FAT4;FRMD6
FHDC1;INSL4;FBLN1;FSTL1
FHL2;INTU;FBLN5;FTL
FKBP1B;IRF2BP2;FBXL3;FUT11
FLJ20674;IRF6;FBXL5;FZD1
FLJ22662;IRS1;FBXL7;FZD10
FLJ23867;ITGA2;FBXO8;FZD2
FLJ40504;ITGA3;FERMT2;FZD7
FLJ42393;ITGA6;FEZ1;FZD8
FLJ44048;ITGB4;FEZF2;GADD45B
FLJ45803;ITGB6;FGF10;GALNS
FMN1;ITGB8;FGF2;GALNT13
FMO5;ITPR3;FGF7;GAS1
FNBP1L;IVL;FGF9;GAS7
FOS;JAG1;FGFBP2;GBGT1
FOXA1;JARID1B;FGFR1;GBP1
FOXA3;JMJD1A;FHL5;GDF6
FRAT1;KCMF1;FIBIN;GEM
FRAT2;KCNMB3;FIGF;GFPT2
FRMD4B;KCNN4;FIGN;GGT5
FRMD7;KCTD11;FILIP1;GJA1
FUK;KIAA0649;FILIP1L;GJB2
FUT2;KIAA0831;FLJ12993;GLB1L
FUT3;KIAA0907;FLJ30851;GLI1
FUT4;KIAA1522;FLJ41603;GLI2
FUT5;KIAA1609;FLJ42709;GLI3
FXYD3;KIAA1772;FLJ44087;GLIPR1
FZD5;KLF7;FLNA;GLIPR2
G30;KLHDC7B;FMO2;GLT25D1
GABRP;KLK13;FOXN3;GLT8D1
GAK;KLK5;FOXO1;GLT8D2
GAL3ST1;KLK6;FOXO3;GLT8D4
GALC;KLK8;FOXP2;GM2A
GALE;KLKBL4;FREM1;GNAI2
GALM;KLRC2;FRY;GNB4
GALNT12;KRAS;FST;GNPTAB
GALNT3;KREMEN2;FXYD1;GPC1
GALNT4;KRT13;FYCO1;GPC6
GALNT5;KRT14;FZD3;GPNMB
GALNT6;KRT15;FZD4;GPR1
GALNT7;KRT16;GAB1;GPR124
GALNT8;KRT17;GABRA2;GPR137B
GATA6;KRT17P3;GAL;GPR34
GBP2;KRT18P19;GALNTL2;GPR68
GBP3;KRT18P28;GARNL1;GPR84
GCNT1;KRT18P33;GARNL3;GPX1
GCNT3;KRT18P34;GCOM1;GPX7
GDA;KRT18P40;GDF10;GPX8
GDPD2;KRT18P46;GEFT;GREM1
GDPD3;KRT19;GFRA1;GRN
GFPT1;KRT19P2;GGTA1;GRP
GIP;KRT23;GJA4;GSC
GIPC2;KRT33A;GNAI1;HAPLN1
GIYD1;KRT4;GNG11;HAS1
GJB1;KRT5;GNL1;HAS2
GKN1;KRT6A;GPC3;HAVCR2
GLB1L2;KRT6B;GPIHBP1;HDC
GLT25D2;KRT6C;GPM6B;HEG1
GMDS;KRT7;GPR133;HEYL
GOLGB1;KRT75;GPR146;HGSNAT
GOLM1;KRT77;GPR155;HHIP
GOLPH3L;KRT78;GPR4;HIC1
GPA33;KRT79;GPX3;HIF1A
GPR128;KRT80;GRID1;HIST1H3I
GPR160;KRTAP9-8;GRIK2;HIVEP1
GPR35;KRTDAP;GRK5;HLA-DMA
GPRC5C;LAMA3;GRRP1;HLA-DPA1
GPX2;LAMB3;GSN;HLA-DPB1
GRAMD1B;LAMC2;GSTM2;HLA-DPB2
GRK7;LANCL3;GTDC1;HLA-DQA1
GRTP1;LCN2;GTF2A1L;HLA-DQA2
GSDMB;LEMD1;GUCY1A2;HLA-DQB2
GSTM4;LEMD3;GUCY1A3;HLA-DRA
GSTP1;LETM2;GUCY1B3;HLA-DRB1
GUCA2A;LGALS7;HABP4;HLA-DRB3
GUCA2B;LGALS7B;HACE1;HLA-DRB4
GUCY1B2;LGALS8;HBEGF;HLA-DRB5
GUCY2C;LITAF;HCFC2;HLA-DRB6
H3F3A;LMTK2;HDGFRP3;HLX
HAVCR1;LOC100127972;HEATR5A;HMCN1
HDAC1;LOC100128519;HEY1;HMOX1
HDHD3;LOC100128626;HEY2;HOXB2
HECTD3;LOC100128868;HOXA2;HOXB4
HEPH;LOC100129253;HOXA4;HRH4
HES1;LOC100129572;HOXA5;HS3ST2
HHLA2;LOC100130171;HOXA7;HS3ST3A1
HISPPD2A;LOC100131496;HOXD1;HTRA1
HIST1H3A;LOC100131971;HOXD10;HTRA3
HIST1H3E;LOC100132831;HOXD8;HTRA4
HKDC1;LOC100133752;HRCT1;IBSP
HN1;LOC100133869;HSPA12A;ICAM1
HNF1A;LOC100144595;HSPA2;IER3
HNF4A;LOC145757;HSPB2;IFI16
HNF4G;LOC152719;HTR2A;IFI30
HOTAIR;LOC26010;HTR2B;IFI44L
HOXA13;LOC283454;ICK;IGFBP3
HOXB3;LOC284120;ID4;IGFBP5
HOXB6;LOC286359;IFT88;IGFBP7
HOXC6;LOC344887;IGF1;IGFL2
HPDL;LOC392382;IGFBP4;IGSF21
HPGD;LOC441251;IGFBP6;IGSF6
HRASLS2;LOC442249;IL11RA;IKIP
HS3ST5;LOC541469;IL17B;IL13
HSD11B2;LOC554202;IL17RD;IL13RA1
HSD17B11;LOC642521;IL22;IL1R1
HSD17B2;LOC643650;IL33;IL4I1
ICA1;LOC645212;IL3RA;IL8
IDH1;LOC647211;IL6;INHBA
IFI27;LOC654170;IL6ST;IQGAP1
IFI6;LOC654433;ILK;ISG15
IFT172;LOC727941;INHBB;ISLR
IGSF22;LOC728034;INPP5A;ISM1
IGSF8;LOC728257;ITGA7;ITGA1
IGSF9;LPCAT2;ITGA8;ITGA11
IL10RB;LPGAT1;ITIH5;ITGAM
IL28RA;LRAT;ITM2A;ITGAV
IL2RG;LRRC4B;ITPR1;ITGAX
IL7;LRRC6;JAM2;ITGB1
IL9;LRRC63;JAM3;ITGB2
INPP1;LRRC8A;KANK2;ITGB3
IQCE;LRRN1;KAT2B;ITGB5
IQGAP2;LY6D;KATNAL2;ITGBL1
ISX;LY6E;KCNA2;ITPR2
ITLN1;LYPD3;KCNA4;ITPRIP
ITPKA;LYPD5;KCNAB1;ITPRIPL2
IYD;LYPLA1;KCNB1;JUNB
JOSD1;MALL;KCND3;KAL1
JRKL;MAPK13;KCNIP4;KCND2
JUP;MBOAT2;KCNJ8;KCNE4
KBTBD11;MCART3P;KCNK2;KCNK13
KCNE3;MDFI;KCNMA1;KCTD12
KCNH8;MED15;KCNMB1;KCTD20
KCNK1;MET;KCNMB4;KDELC1
KCNK10;MFI2;KCNS2;KDELR3
KCNK5;MGC2848;KCTD10;KIAA0247
KCNK6;MGC34774;KCTD15;KIAA0644
KCNQ1;MIG7;KCTD3;KIAA1217
KCTD14;MLF1;KCTD4;KIF13A
KIAA0284;MMP10;KCTD9;KIF26B
KIAA0323;MMP13;KDSR;KIF7
KIAA0494;MMP28;KGFLP1;KIRREL
KIAA0746;MPZL2;KGFLP2;KLF6
KIAA1199;MPZL3;KIAA0256;KYNU
KIAA1211;MREG;KIAA0355;LACTB
KIAA1239;MRPL42P5;KIAA0894;LAIR1
KIAA1305;MSL3L2;KIAA1045;LAMB1
KIAA1543;MTA3;KIAA1107;LATS2
KIF13B;MTL5;KIAA1324L;LEF1
KITLG;MTP18;KIAA1462;LEPRE1
KLF3;MUC16;KIDINS220;LEPREL2
KLF4;MYEOV;KIF25;LGALS1
KLF5;NAB1;KIFAP3;LGMN
KLHDC6;NCK1;KLF8;LHFPL2
KLHL23;NCRNA00162;KLF9;LIF
KLK10;NEBL;KLHDC1;LIMS1
KLK11;NEK11;KLHDC5;LIMS3
KLK12;NFE2L3;KLHL13;LIX1L
KLK7;NGEF;LAMA2;LMCD1
KRT12;NMB;LAMA4;LOC100126784
KRT18;NMBR;LAMB2;LOC100128056
KRT18P30;NMI;LAMB4;LOC100128178
KRT18P42;NMU;LAMC1;LOC100129397
KRT18P49;NOX5;LARP6;LOC100129754
KRT2;NPAL3;LCA5;LOC100131283
KRT20;NPEPPS;LCN6;LOC100131532
KRT8;NR1D1;LDB2;LOC100133627
KRT8P15;NRIP1;LDHB;LOC100192378
KRTCAP3;NT5C2;LEP;LOC283658
LAD1;NTF4;LEPROT;LOC284242
LASP1;NTSR1;LGI1;LOC285548
LASS6;NUDT16P;LGI2;LOC338620
LCOR;NUDT4;LGI4;LOC387763
LCT;NUFIP2;LHFP;LOC389386
LDLR;NUP62CL;LHX6;LOC391334
LFNG;OBFC1;LIFR;LOC401076
LGALS3;ORMDL2;LIMS2;LOC401097
LGALS4;OSBPL3;LIPE;LOC401577
LGALS9;OSMR;LIPF;LOC440181
LGALS9C;OVOS2;LL22NC03-75B3.6;LOC441768
LGR5;OXR1;LMO3;LOC541471
LGR6;P2RY2;LMOD1;LOC641518
LIMA1;PABPC3;LOC100127983;LOC642413
LIPH;PADI1;LOC100128098;LOC651721
LLGL2;PAEP;LOC100128239;LOC731724
LMO4;PAK6;LOC100128252;LOH3CR2A
LMO7;PARP4;LOC100129788;LOX
LMTK3;PCDH11X;LOC100130868;LOXL1
LNX1;PDCL2;LOC100130890;LOXL2
LOC100128008;PERP;LOC100131720;LOXL3
LOC100128116;PFKP;LOC100132317;LPAR4
LOC100128893;PHACTR3;LOC100190890;LPPR4
LOC100128918;PHLDA1;LOC123688;LRP1
LOC100128979;PHLDA3;LOC199800;LRP12
LOC100130193;PIGA;LOC283481;LRRC15
LOC100130623;PIGG;LOC284112;LRRC17
LOC100130741;PIWIL1;LOC285550;LRRC25
LOC100131642;PJA1;LOC339260;LRRC32
LOC100133019;PKD1L2;LOC339524;LRRC8C
LOC120376;PKIB;LOC375196;LRRN2
LOC124220;PLA2G16;LOC389895;LST1
LOC129293;PLAG1;LOC399959;LTBP1
LOC149501;PLCD3;LOC400236;LTBP2
LOC151162;PLEK2;LOC400456;LUM
LOC158402;PLEKHA5;LOC400642;LUZP1
LOC255411;PLEKHA7;LOC401021;LUZP2
LOC25845;PLEKHF2;LOC492311;LXN
LOC283278;PLEKHG3;LOC54492;LZTS1
LOC284422;PLEKHG5;LOC572558;MAEL
LOC286126;PLSCR1;LOC63920;MAF
LOC339843;PMAIP1;LOC643837;MAFB
LOC340888;PMEPA1;LOC644538;MAGED2
LOC388242;PODXL;LOC644662;MAML2
LOC388564;PON2;LOC645166;MANBA
LOC389857;PPFIA1;LOC645323;MAP3K12
LOC392335;PPL;LOC646609;MAP4K4
LOC400573;PPM2C;LOC648795;MAP4K5
LOC400655;PPP1R13L;LOC728142;MARCKS
LOC400831;PPP1R14C;LOC728264;MATN3
LOC401913;PPP1R15B;LOC729085;MCL1
LOC440335;PPP1R1C;LOC729970;MCTP1
LOC441294;PPP1R2;LOC92973;MEGF6
LOC553158;PPP4R1;LOH12CR2;MEIS3
LOC57228;PRAGMIN;LONRF1;MEST
LOC643100;PRB1;LPAR1;METRNL
LOC644950;PRB2;LPHN3;MEX3B
LOC646090;PRDM13;LPL;MFAP2
LOC647954;PRKAA1;LPP;MFAP5
LOC728199;PRKCI;LRCH2;MFSD1
LOC730102;PRKG2;LRFN5;MFSD7
LOC730405;PRO1880;LRP11;MGC24103
LPAR5;PROM2;LRRC4C;MGC4294
LPCAT4;PRPF3;LRRCC1;MICAL2
LRBA;PRRG4;LSAMP;MKL1
LRCH1;PRSS22;LY6H;MMD
LRRC1;PRSS27;MAB21L1;MMP11
LRRC16A;PSCA;MAFF;MMP12
LRRC19;PSD3;MAL;MMP16
LRRC31;PSPC1;MAMDC2;MMP19
LRRC8E;PTGES;MAOA;MMP2
LSR;PTHLH;MAOB;MMP23B
LY75;PTK6;MAP1B;MMP3
LYPD6;PTPRJ;MAPK10;MMP7
LYPD6B;PVRL1;MARK1;MMP9
LYSMD4;PVRL4;MATN2;MN1
LYZ;QRFPR;MCAM;MNDA
LYZL4;RAB38;MCC;MOXD1
MACC1;RAC1;MDGA1;MPP1
MAL2;RAET1E;MDP-1;MR1
MANSC1;RAG1;ME3;MRC1L1
MAP3K13;RALB;MEIS3P1;MRC2
MAP7;RALGPS2;MEOX2;MRVI1
MAPRE2;RASA1;MFAP4;MS4A2
MARCKSL1;RBM41;MGC16169;MS4A4A
MARVELD2;RBM8A;MGC3032;MS4A7
MARVELD3;RCE1;MGC42105;MSC
MBOAT1;REEP3;MGP;MSN
MDK;REM2;MID1;MSR1
MDS1;RGS20;MID2;MST150
MEP1A;RHBDF1;MIER1;MX2
MEP1B;RHCG;MKL2;MXRA5
METTL7B;RHOD;MKX;MXRA8
MFSD4;RHOF;MMRN1;MYH9
MFSD6;RHOV;MOCS1;MYOF
MGAT3;RICTOR;MPDZ;NAGA
MGC10981;RIOK3;MRAP;NAGK
MGC13057;RIPK2;MSRB3;NAV3
MGLL;RIPK4;MTMR2;NCF2
MGST2;RNASEL;MTR;NID2
MGST3;RNF141;MUSTN1;NKX3-2
MIA;RNF169;MXI1;NLRP3
MICALCL;RNF2;MXRA7;NNMT
MICALL2;RNF217;MYCT1;NOD2
MKRN1;ROD1;MYH10;NOTCH2
MLLT3;ROPN1;MYH11;NOX4
MLN;ROPN1B;MYL5;NPL
MLPH;RP11-544M22.4;MYL9;NPTX1
MMEL1;RPL39L;MYLK;NRP2
MMP1;RSF1;MYOC;NTM
MMP15;RSPH3;MYRIP;NTNG2
MOBKL2B;RSRC2;N6AMT2;NUAK1
MS4A8B;RTKN2;NAALADL1;NUDT10
MSLN;RYK;NACAD;OAS2
MSMB;S100A11;NAP1L5;OAS3
MST1R;S100A2;NBR1;ODF3L1
MSX2;S100A4;NCAM2;ODZ4
MSX2P1;S100A6;NCOA1;OGFRL1
MTM1;S100A7;NCRNA00153;OLFML2B
MTMR11;SAGE1;NDN;OLFML3
MUC1;SAMD4B;NDUFA4L2;OLR1
MUC13;SAMD9;NEDD9;OMD
MUC17;SCEL;NEGR1;OR2A9P
MUC20;SCGB2A2;NEK1;OSBPL10
MUC5AC;SCNM1;NEURL2;OSBPL8
MUPCDH;SCNN1A;NEUROD6;OSM
MVP;SCRN1;NEXN;OSTM1
MYB;SDC4;NFIA;P2RX4
MYD88;SDCCAG8;NFIB;P2RY6
MYO15B;SDR42E1;NFYB;P4HA3
MYO1A;SEC31A;NGFR;PABPC4L
MYO1D;SEMA3A;NID1;PABPC5
MYO1E;SERPINB13;NKAIN2;PALLD
MYO5B;SERPINB3;NLGN1;PANX1
MYO5C;SERPINB4;NLGN3;PAPPA
MYO6;SERPINB5;NLGN4X;PAPSS1
MYO7B;SERTAD2;NLGN4Y;PCDH7
NAPEPLD;SERTAD3;NMUR1;PCDHB10
NAPRT1;SERTAD4;NOV;PCDHB14
NAT1;SETD4;NPPA;PCDHB16
NAT15;SFN;NPR1;PCDHB18
NCOA2;SGMS2;NPTN;PCOLCE
NCOA7;SH2D3A;NPY2R;PDGFB
NCRNA00114;SH2D4A;NR1D2;PDGFC
NEK3;SH3GLB2;NR2F2;PDGFRB
NET1;SH3TC2;NR4A1;PDGFRL
NHEDC2;SHFM1;NR4A2;PDIA5
NHS;SIM2;NR4A3;PDLIM4
NKX6-2;SIX4;NRG2;PDLIM7
NMUR2;SKAP2;NRN1;PDPN
NOS2;SKIL;NRP1;PEA15
NOSTRIN;SLC12A6;NRXN1;PENK
NOX1;SLC16A3;NRXN3;PFTK1
NOXA1;SLC2A1;NT5DC1;PGDS
NOXO1;SLC35A1;NTF3;PHACTR2
NPAL2;SLC38A1;NTN1;PHF13
NPAS2;SLC39A1;NTRK2;PHLDB1
NPC1L1;SLC39A11;NTRK3;PICALM
NPNT;SLC4A11;NUCKS1;PLA2G7
NQO1;SLC5A10;NUDT11;PLA2R1
NR1I2;SLFN13;NXPH3;PLAT
NR2F6;SLK;OAZ2;PLAU
NT5C1B;SLPI;OCRL;PLAUR
NXF3;SMAD3;OGN;PLB1
OAS1;SMURF1;OLFM1;PLEKHO2
OASL;SNAI2;OPCML;PLK3
OCC-1;SNCG;OPHN1;PLOD2
OCEL1;SOX13;OR51E1;PLSCR3
OCIAD2;SPATA17;OR51E2;PLXDC1
OCLN;SPERT;OSR1;PLXDC2
ODAM;SPIN4;OSR2;PLXNC1
ONECUT2;SPINT1;OXCT1;PLXND1
OPLAH;SPINT2;P11;PMP22
OR7E13P;SPRR1B;P2RY14;PODNL1
OSBPL2;SPRR2D;PALM;POSTN
OSBPL7;SPRR3;PALMD;PPAPDC1A
OVGP1;SRCAP;PAPOLG;PPEF1
OVOL1;SSH3;PARVA;PPFIA2
OVOL2;ST3GAL4;PBX1;PPIC
PAFAH2;STK24;PBXIP1;PRCP
PAK1;STK3;PCBP3;PRICKLE1
PAQR4;STK35;PCDH18;PRICKLE2
PAQR8;STS;PCDH19;PRKD1
PARD6B;STYK1;PCDHB12;PRND
PARP12;SUDS3;PCDHB15;PROCR
PARP3;SUV420H1;PCDHB2;PRR16
PAX2;SVOPL;PCDHB7;PRRC1
PCDH1;SYT8;PCM1;PRRX1
PCDH24;TACSTD2;PCNP;PRRX2
PCSK7;TAF1A;PCSK5;PRSS23
PDE11A;TAF1D;PCYOX1;PSAP
PDPK1;TANK;PDE1A;PSMAL
PDXDC1;TBC1D3B;PDE1C;PTAFR
PDZD3;TBL1XR1;PDE2A;PTGER2
PDZK1IP1;TCEB1P3;PDE3A;PTGER3
PELI1;TCP11L2;PDE5A;PTGFRN
PEX11B;TCTEX1D2;PDE9A;PTGIS
PGC;TDRD5;PDGFA;PTGS1
PGM2L1;TES;PDGFRA;PTGS2
PHLDA2;TFAP2A;PDK4;PTK7
PI3;TGFA;PDLIM5;PTPLAD2
PIGR;TGFB2;PDZD2;PTPN9
PIK3C2B;TGM2;PDZRN3;PTPRE
PIP5K1B;TGM5;PDZRN4;PTPRG
PITX1;TINAGL1;PECAM1;PXDN
PIWIL4;TIPARP;PEX19;PXDNL
PKDREJ;TJP2;PFDN5;RAB20
PKP2;TMC7;PGCP;RAB31
PKP3;TMEM154;PGM5;RAB32
PKP4;TMEM159;PHLDB2;RAB34
PLA2G10;TMEM184B;PHOX2B;RAB3IL1
PLA2G4A;TMEM191A;PHYHIP;RAB42
PLAC8;TMEM202;PI16;RAB7B
PLCB3;TMEM49;PID1;RAI14
PLCH1;TMEM65;PIGP;RAP2A
PLEKHA6;TMEM79;PIK3CA;RARB
PLEKHJ1;TMEM87B;PIK3R1;RARRES2
PLLP;TMOD3;PIK3R3;RASGRF2
PLS1;TMPRSS11A;PIR;RASL11B
PLXNB1;TMPRSS11D;PITPNB;RBM9
PMM2;TMPRSS11E;PJA2;RCN3
POF1B;TMPRSS11F;PKD2;RECK
POLD4;TMSB10;PLA2G2E;RFTN1
POU2F3;TNFRSF10A;PLA2G5;RGS1
PPAP2C;TNFRSF10B;PLCB1;RGS16
PPARG;TNFRSF21;PLCB4;RHOQ
PPFIBP2;TNFRSF6B;PLCE1;RIN2
PPP1R13B;TNS4;PLCXD3;RNASE2
PPP1R14D;TOMM20;PLIN;RNASE3
PPP1R1B;TP63;PLN;RNF130
PRELID2;TPBG;PLP1;RNF144A
PREP;TPH2;PLS3;RNF149
PRICKLE4;TPRXL;PLSCR4;ROBO1
PRKAB1;TRERF1;PLTP;ROR2
PRKCD;TRIM29;PLVAP;RSAD2
PROM1;TRIM4;PLXNA4;RSU1
PRR13;TRIM40;PMP2;RUNX1
PRR15;TRIM56;PNCK;RUNX2
PRSS12;TRIM6;PODN;SAMD14
PRSS8;TRIP10;POU6F1;SCPEP1
PS1TP4;TRIP6;PPAP2A;SCT
PSAPL1;TRPV4;PPAP2B;SCUBE2
PSEN1;TSC22D2;PPM1D;SDC2
PSMB10;TSPAN31;PPP1R12A;SEC23A
PSORS1C1;TSPAN6;PPP1R12B;SEMA3C
PTH2R;TTC7A;PPP1R12C;SEMA5B
PTPRF;TTC9;PPP1R14A;SEMA7A
PTPRH;TUBD1;PPP3CA;8-Sep
PTPRR;UBA6;PRDM6;SERPINB2
PVRL2;UBE2H;PRELP;SERPINB8
PYCARD;UBE2W;PRKAR2B;SERPINE1
ProSAPiP1;UBXN7;PRKCDBP;SERPINF1
RAB11FIP1;UCA1;PRKG1;SFRP2
RAB11FIP4;ULBP2;PRSS35;SFRP4
RAB15;UNC84A;PRUNE2;SGIP1
RAB22A;USP37;PSIP1;SGK1
RAB25;USP43;PTBP2;SH2B3
RAB27B;VAMP4;PTCHD1;SH3PXD2B
RAB40B;VCPIP1;PTEN;SH3RF3
RAB40C;VGLL1;PTGFR;SIAH3
RALGPS1;VSTM2L;PTK2;SIGLEC9
RAPGEFL1;WBSCR27;PTN;SIGLECP3
RARRES3;WBSCR28;PTPN13;SIRPA
RASAL1;WDR45L;PTPRD;SLAMF8
RASEF;WDYHV1;PTPRM;SLC12A4
RASSF6;WEE1;PTPRZ1;SLC12A8
RASSF7;WFDC2;PTX3;SLC15A3
RBM35A;WISP3;PURG;SLC16A2
RBM35B;WNT10A;RAB13;SLC16A6
RBM47;WNT5B;RAB23;SLC1A3
RBP2;WNT7A;RAB3A;SLC20A1
RCAN3;WNT7B;RAB3C;SLC22A16
RDH10;XKRX;RAB6B;SLC24A3
RDH13;YOD1;RAB6C;SLC24A6
RDH5;YWHAZ;RAB9B;SLC2A14
REG4;ZBED2;RADIL;SLC2A3
REPS2;ZBED5;RAI2;SLC31A2
RETSAT;ZBTB41;RAMP2;SLC37A2
RFWD2;ZCCHC6;RANBP3L;SLC39A13
RHBDL2;ZDHHC20;RAPGEF3;SLC43A3
RHOC;ZFAND2A;RARRES1;SLC46A3
RHOU;ZMYM2;RASIP1;SLC6A6
RHPN2;ZMYM5;RASL11A;SLCO2B1
RICS;ZNF114;RASSF8;SLFN12
RIMKLA;ZNF12;RBM12;SMAD7
RIPK3;ZNF137;RBM43;SMO
RNASE4;ZNF165;RBMS3;SNAI1
RNASET2;ZNF185;RBP7;SNED1
RNF103;ZNF229;RBPJ;SNX33
RNF125;ZNF250;RBPMS;SOCS3
RNF128;ZNF273;RBPMS2;SORCS2
RNF133;ZNF3;RCAN1;SOX11
RNF148;ZNF365;RCAN2;SPARC
RNF183;ZNF487;RDX;SPATA9
RNF32;ZNF655;REEP1;SPHK1
RNF39;ZNF701;RELL1;SPINK6
RNF43;ZNF750;REM1;SPOCK1
RNPEP;ZNF761;RERG;SPON1
RNPEPL1;ZNF841;RERGL;SPON2
RP11-327P2.4;ZPBP2;REV3L;SPP1
RP11-93B14.6;hCG_1644608;RFTN2;SPRED1
RPS27L;hCG_1818231;RFX2;SPRY4
RPS6KA1;hCG_1981531;RGMA;SPSB1
RTN4R;;RGS5;SPTLC2
RTP4;;RGS6;SRGAP2P1
S100A10;;RGS7BP;SRPX2
S100A14;;RHOJ;ST6GAL2
S100A16;;RIMKLB;STAT1
S100P;;RIT2;STAT2
SAMD12;;RND3;STEAP1
SAMD13;;RNF11;STK38
SCIN;;RNF122;STK38L
SCYL3;;RNF175;STRA6
SDC1;;ROBO4;STX4
SDCBP2;;ROCK1;SUCNR1
SDR16C5;;ROCK2;SUFU
SEC16A;;ROM1;SULF1
SELENBP1;;ROR1;SULF2
SEMA3B;;RORB;SUMF1
SEMA4G;;RPGR;TBC1D2
SEMG1;;RPL22;TCF4
SEPW1;;RPS4Y1;TCP11L1
SERINC2;;RPS6KA5;TGFB3
SERINC5;;RRAGA;TGFBI
SERPINB1;;RSPO1;TGFBR1
SERPINB6;;RSPO3;TGIF1
SGK493;;RUNDC3B;THBS1
SGPP2;;RYR2;THBS2
SGSM3;;S100B;THBS3
SH3BGRL2;;S1PR1;THBS4
SH3RF1;;SAMHD1;THY1
SHANK2;;SAP30L;TIMP1
SHB;;SASH1;TIMP3
SHROOM3;;SAV1;TLR1
SI;;SBDS;TLR2
SIPA1L2;;SCAPER;TLR7
SIRT7;;SCARA5;TM4SF1
SLC10A2;;SCN2B;TM7SF4
SLC12A2;;SCN7A;TMEM106A
SLC15A1;;SCRG1;TMEM119
SLC16A4;;SDPR;TMEM127
SLC16A5;;SEC14L5;TMEM173
SLC1A1;;SEC62;TMEM200A
SLC22A18;;SELE;TMEM200B
SLC22A18AS;;SELM;TMEM204
SLC25A23;;SELP;TMEM26
SLC25A31;;SEMA3G;TMEM43
SLC26A9;;SEMA5A;TMEM45A
SLC27A4;;SEMA6D;TMSB15B
SLC28A2;;10-Sep;TNFAIP6
SLC35A2;;4-Sep;TNFRSF12A
SLC35A3;;SERINC1;TNFRSF8
SLC35C1;;SESTD1;TNFSF13B
SLC35D2;;SETBP1;TNFSF4
SLC37A1;;SFRP1;TNN
SLC39A4;;SFRS2B;TNS3
SLC40A1;;SGCA;TP53BP2
SLC41A2;;SGCE;TP53I3
SLC44A1;;SGEF;TPM4
SLC44A2;;SGMS1;TPP1
SLC44A3;;SH3BGRL;TPRG1
SLC44A4;;SH3BP5;TPSAB1
SLC45A3;;SH3D19;TPST1
SLC5A1;;SHC3;TRAM2
SLC6A10P;;SHC4;TREM1
SLC6A14;;SHE;TREM2
SLC6A20;;SHISA3;TRPC5
SLC7A4;;SIRT1;TRPS1
SLC7A7;;SLC35F1;TRPV2
SLC9A1;;SLC48A1;TSHZ3
SLC9A2;;SLC7A10;TSPAN9
SLC9A8;;SLC8A1;TTLL1
SMPD2;;SLCO1C1;TUBB3
SMPD3;;SLIT2;TUBB6
SMUG1;;SLIT3;TWIST1
SOX4;;SLMAP;TXNDC3
SOX9;;SMAD1;TYROBP
SPDEF;;SMAD4;UACA
SPG11;;SMAD5OS;UBE2E2
SPINK4;;SMAD9;UGDH
SPINK5;;SMARCA2;UNC5B
SPINK5L3;;SMOC2;UNQ1944
SPIRE2;;SMTN;VASH1
SPNS2;;SNCA;VASN
SPSB2;;SNRK;VCAN
SRD5A3;;SNX7;VCL
SSTR1;;SNX9;VDR
ST14;;SOCS2;VENTX
ST6GALNAC1;;SOCS5;VIM
STAP2;;SOD3;VMO1
STARD10;;SORBS1;VSIG4
STK31;;SORCS1;VSNL1
STK39;;SORCS3;WASF1
STX3;;SOS2;WDFY1
SULT1A4;;SOX2;WDR1
SULT1B1;;SOX2OT;WISP1
SULT1C2;;SOX5;WNT2
SULT1E1;;SPARCL1;WNT5A
SULT2B1;;SPATA6;WT1
SYNGR2;;SPEG;XYLT1
SYTL2;;SPESP1;YWHAH
SYTL5;;SPG20;ZEB1
TAC3;;SPOP;ZEB2
TAGLN2;;SPOPL;ZFHX4
TAX1BP1;;SPRY1;ZFPM2
TBC1D8B;;SPRY2;ZNF217
TBXAS1;;SPTBN1;ZNF281
TCN1;;SRI;ZNF300
TESC;;SRP14P1;ZNF362
TFCP2L1;;SRPX;ZNF423
TFF1;;SSBP2;ZNF469
TFF2;;SSPN;ZNF521
TFF3;;ST6GALNAC3;ZNF532
TGOLN2;;ST6GALNAC5;ZNF683
TJP3;;ST6GALNAC6;ZNF697
TLL2;;STAG2;ZNF790
TM4SF20;;STAR;ZNFX1
TM4SF5;;STARD13;ZSWIM6
TM9SF3;;STEAP2;ZYX
TMBIM1;;STEAP4;
TMC4;;STOM;
TMC5;;STON1;
TMCO4;;STON1-GTF2A1L;
TMEM102;;STOX1;
TMEM125;;STX12;
TMEM133;;SUSD5;
TMEM139;;SV2C;
TMEM141;;SVEP1;
TMEM144;;SYDE2;
TMEM163;;SYNC;
TMEM171;;SYNE1;
TMEM184A;;SYNM;
TMEM2;;SYNPO2;
TMEM30B;;SYS1;
TMEM45B;;SYT11;
TMEM54;;SYTL4;
TMEM55B;;TAC1;
TMEM63A;;TACC1;
TMEM92;;TAGLN;
TMEM98;;TANC1;
TMPRSS2;;TASP1;
TMPRSS3;;TBC1D1;
TMPRSS4;;TBC1D19;
TMTC2;;TBX18;
TMTC4;;TCEAL1;
TNFRSF11A;;TCEAL3;
TNFSF13;;TCEAL4;
TNFSF15;;TCEAL5;
TNIK;;TCEAL6;
TOX3;;TCEAL7;
TP53I11;;TCEAL8;
TP53INP2;;TCF15;
TPD52;;TCF7L1;
TPK1;;TENC1;
TPRG1L;;TERF1;
TRAF4;;TGFBR2;
TRAK1;;TGFBR3;
TRAPPC6A;;THSD7A;
TRIM14;;TIE1;
TRIM15;;TIMP4;
TRIM2;;TJP1;
TRIM31;;TLL1;
TRIM36;;TMEM109;
TRIM7;;TMEM117;
TRPA1;;TMEM168;
TRPM4;;TMEM178;
TSPAN1;;TMEM35;
TSPAN15;;TMEM47;
TSPAN3;;TMEM55A;
TSPAN8;;TMEM88;
TST;;TMOD2;
TSTA3;;TMTC1;
TTC15;;TNAP;
TTC39B;;TNC;
TTLL12;;TNMD;
TTYH3;;TOMM7;
TUBAL3;;TOPORS;
TUFT1;;TOR1AIP1;
UBE2Q1;;TOX4;
UBXN10;;TPM1;
UGT1A8;;TPM2;
UGT8;;TPPP;
UPK1B;;TPSD1;
USH1C;;TRAF3IP1;
USP54;;TRAK2;
VAMP8;;TRIM9;
VIL1;;TROVE2;
VILL;;TRPC1;
VNN1;;TSC22D1;
VPS13A;;TSLP;
VPS24;;TSPAN11;
VSIG1;;TSPAN18;
VSIG2;;TSPAN2;
WBP2NL;;TSPYL1;
WDR51B;;TTC28;
WDR72;;TTLL7;
WWC1;;TTTY15;
WWP1;;TUB;
XK;;TUBB2B;
ZBTB7B;;TUSC1;
ZC3H12A;;TWIST2;
ZC4H2;;TXNDC16;
ZDHHC3;;UFSP2;
ZDHHC9;;ULK2;
ZFAND2B;;UNQ5840;
ZFYVE28;;UNQ6975;
ZMYND15;;USP53;
ZNF513;;USP9Y;
ZNF518A;;UST;
ZNF600;;UTRN;
ZNF653;;UTY;
ZNF706;;VAMP5;
ZNF823;;VEGFC;
ZNRF2;;VEZF1;
ZSCAN4;;VGLL3;
hCG_1643808;;VIT;
hCG_1774568;;VLDLR;
hCG_1988300;;VWC2;
tcag7.977;;VWF;
;;WARS2;
;;WASF3;
;;WBP5;
;;WBSCR17;
;;WDR19;
;;WDR47;
;;WFDC1;
;;WFS1;
;;WISP2;
;;WNT11;
;;WWTR1;
;;XG;
;;XKR4;
;;XPA;
;;YAP1;
;;YPEL5;
;;ZBTB16;
;;ZBTB38;
;;ZBTB4;
;;ZBTB8;
;;ZCCHC12;
;;ZCCHC24;
;;ZCCHC5;
;;ZDHHC15;
;;ZFP28;
;;ZFP36;
;;ZFP82;
;;ZFP90;
;;ZFYVE21;
;;ZHX1;
;;ZHX3;
;;ZMYND11;
;;ZNF25;
;;ZNF256;
;;ZNF271;
;;ZNF350;
;;ZNF366;
;;ZNF385D;
;;ZNF415;
;;ZNF426;
;;ZNF436;
;;ZNF449;
;;ZNF471;
;;ZNF502;
;;ZNF536;
;;ZNF568;
;;ZNF582;
;;ZNF610;
;;ZNF644;
;;ZNF649;
;;ZNF660;
;;ZNF71;
;;ZNF829;
;;hCG_1776007;
;;hCG_2045899;